1001 2 501 5 601 5
1101 2 501 5 601 5
1201 2 501 5 601 5
1301 2 501 5 601 5
1401 2 501 5 601 5
1002 2 502 5 602 5
1102 2 502 5 602 5
1202 2 502 5 602 5
1302 2 502 5 602 5
1402 2 502 5 602 5
1003 2 503 5 603 5
1103 2 503 5 603 5
1203 2 503 5 603 5
1303 2 503 5 603 5
1403 2 503 5 603 5
1004 2 504 5 604 5
1104 2 504 5 604 5
1204 2 504 5 604 5
1304 2 504 5 604 5
1404 2 504 5 604 5
1005 2 505 5 605 5
1105 2 505 5 605 5
1205 2 505 5 605 5
1305 2 505 5 605 5
1405 2 505 5 605 5
1006 2 506 5 606 5
1106 2 506 5 606 5
1206 2 506 5 606 5
1306 2 506 5 606 5
1406 2 506 5 606 5